tensor([[2186.6089,  725.4103,  809.9537,  597.4792]])
tensor([0.])
tensor([[2187.2241,  720.8956,  809.4425,  588.4832]])
tensor([0.])
tensor([[2187.4531,  720.6083,  809.0852,  588.2140]])
tensor([0.])
tensor([[2187.4937,  720.6707,  809.0771,  588.1862]])
tensor([0.])
tensor([[2188.0735,  720.4611,  807.0967,  586.9124]])
tensor([0.])
tensor([[2187.6968,  720.5857,  807.0842,  587.2443]])
tensor([0.])
tensor([[2187.9573,  721.0358,  804.6973,  588.2988]])
tensor([0.])
tensor([[2188.0483,  720.9542,  804.6968,  588.0894]])
tensor([0.])
tensor([[2188.0432,  720.9253,  804.7555,  588.1370]])
tensor([0.])
tensor([[2188.0532,  720.9578,  804.6665,  588.1512]])
tensor([0.])
tensor([[2187.8826,  722.7675,  804.7280,  590.6873]])
tensor([0.])
tensor([[2188.0225,  722.6635,  804.6709,  590.4225]])
tensor([0.])
tensor([[2187.9719,  722.6349,  804.7316,  590.4514]])
tensor([0.])
tensor([[2187.7876,  722.5952,  804.9257,  590.6334]])
tensor([0.])
tensor([[2188.8862,  721.2940,  804.5072,  588.8676]])
tensor([0.])
tensor([[2188.9189,  721.3079,  804.3516,  589.0226]])
tensor([0.])
tensor([[2188.8887,  721.2903,  804.4343,  588.9470]])
tensor([0.])
tensor([[2188.9771,  721.2162,  804.4935,  588.8210]])
tensor([0.])
tensor([[2188.8794,  721.2003,  804.6261,  588.8427]])
tensor([0.])
tensor([[2189.5503,  723.0791,  805.6066,  592.7923]])
tensor([0.])
tensor([[2189.1226,  723.2623,  806.8058,  593.0425]])
tensor([0.])
tensor([[2189.1631,  723.3199,  806.6630,  593.2936]])
tensor([0.])
tensor([[2189.0576,  723.2941,  806.7889,  593.1896]])
tensor([0.])
tensor([[2187.7388,  731.1283,  812.8960,  612.7084]])
tensor([0.])
tensor([[2187.6660,  730.9796,  812.9436,  612.1410]])
tensor([0.])
tensor([[2187.6494,  730.8429,  812.9729,  611.9949]])
tensor([0.])
tensor([[2187.5764,  730.8463,  813.1171,  612.0414]])
tensor([0.])
tensor([[2187.7700,  730.7600,  813.1732,  612.1055]])
tensor([0.])
tensor([[2187.0830,  732.2421,  814.5461,  617.5710]])
tensor([0.])
tensor([[2186.9802,  732.5939,  814.4918,  618.1635]])
tensor([0.])
tensor([[2186.8818,  732.1964,  814.3103,  618.3784]])
tensor([0.])
tensor([[2186.9614,  731.7491,  813.9313,  617.3782]])
tensor([0.])
tensor([[2187.5349,  713.8156,  808.7006,  579.9842]])
tensor([0.])
tensor([[2187.8616,  713.3007,  807.9081,  578.8264]])
tensor([0.])
tensor([[2187.5264,  713.6550,  808.1708,  579.3977]])
tensor([0.])
tensor([[2187.7126,  713.5078,  808.0518,  579.3058]])
tensor([0.])
tensor([[2186.8494,  713.7894,  809.0797,  579.5475]])
tensor([0.])
tensor([[2186.9790,  713.7858,  809.3976,  579.4710]])
tensor([0.])
tensor([[2187.0303,  713.7347,  809.0331,  579.3011]])
tensor([0.])
tensor([[2187.0640,  713.6910,  809.0697,  579.5477]])
tensor([0.])
tensor([[2187.0913,  713.6726,  809.1097,  579.5629]])
tensor([0.])
tensor([[2186.7861,  714.0801,  809.7355,  580.8832],
        [2109.8359,  994.7194,  384.1223,  329.5349]])
tensor([0., 1.])
tensor([[2187.0928,  713.9552,  809.7590,  580.5046],
        [2109.9468,  994.7368,  383.3693,  329.1449]])
tensor([0., 1.])
tensor([[2187.0632,  714.1478,  809.8563,  580.7102],
        [2110.4526,  994.7158,  382.4135,  328.6010]])
tensor([0., 1.])
tensor([[2187.0769,  714.1648,  809.9180,  580.8567],
        [2110.1521,  994.5466,  382.7643,  328.9393]])
tensor([0., 1.])
tensor([[2186.2837,  714.3982,  810.9908,  581.0495]])
tensor([0.])
tensor([[2186.3455,  714.4715,  811.1044,  581.1252]])
tensor([0.])
tensor([[2186.2700,  714.2612,  811.1688,  580.7452]])
tensor([0.])
tensor([[2186.2751,  714.2812,  811.1630,  580.7568]])
tensor([0.])
tensor([[2186.1958,  714.2426,  811.2627,  580.9248]])
tensor([0.])
tensor([[2186.5708,  713.6887,  811.0271,  579.4852]])
tensor([0.])
tensor([[2186.6733,  713.6003,  810.9521,  579.3293]])
tensor([0.])
tensor([[2186.6326,  713.6559,  811.0353,  579.5297]])
tensor([0.])
tensor([[2186.5623,  713.8562,  810.9474,  579.7516]])
tensor([0.])
tensor([[2186.5674,  712.9697,  810.1970,  577.0140]])
tensor([0.])
tensor([[2186.6091,  713.0656,  810.1405,  577.2420]])
tensor([0.])
tensor([[2186.5562,  712.9660,  810.2637,  577.1184]])
tensor([0.])
tensor([[2186.5027,  713.0242,  810.3375,  577.3217]])
tensor([0.])
tensor([[2186.6956,  712.1501,  808.9056,  575.2603]])
tensor([0.])
tensor([[2186.7476,  712.3367,  809.0500,  575.5928]])
tensor([0.])
tensor([[2186.2122,  712.9211,  810.3130,  577.6187]])
tensor([0.])
tensor([[2186.9075,  712.7908,  810.2769,  576.9569]])
tensor([0.])
tensor([[2186.5093,  712.7424,  810.2842,  577.0705]])
tensor([0.])
tensor([[2183.5793,  718.9871,  814.3905,  585.6698]])
tensor([0.])
tensor([[2183.8384,  718.9138,  814.8977,  585.5493]])
tensor([0.])
tensor([[2183.8381,  718.9948,  815.3159,  585.8735]])
tensor([0.])
tensor([[2183.9094,  718.7554,  815.0067,  585.1667]])
tensor([0.])
tensor([[2183.6501,  722.1559,  817.1747,  592.6241]])
tensor([0.])
tensor([[2183.5903,  722.6040,  817.4728,  593.6834]])
tensor([0.])
tensor([[2183.6426,  722.3674,  817.2662,  593.1802]])
tensor([0.])
tensor([[2183.6736,  722.3165,  816.9767,  593.0402]])
tensor([0.])
tensor([[2183.7922,  722.1764,  817.0809,  592.8303]])
tensor([0.])
tensor([[2184.2080,  719.1124,  816.0864,  586.3625]])
tensor([0.])
tensor([[2184.1743,  719.0177,  815.9092,  586.0486]])
tensor([0.])
tensor([[2183.9487,  719.4342,  816.1989,  587.3065]])
tensor([0.])
tensor([[2183.9255,  719.5840,  816.6078,  587.6290]])
tensor([0.])
tensor([[2184.1252,  715.6363,  814.2399,  580.6018]])
tensor([0.])
tensor([[2183.9985,  715.3748,  814.3527,  579.5090]])
tensor([0.])
tensor([[2183.9985,  715.4057,  814.1989,  579.6775]])
tensor([0.])
tensor([[2183.9172,  715.5883,  814.4048,  580.0862]])
tensor([0.])
tensor([[2183.9814,  715.5976,  814.2981,  579.7888]])
tensor([0.])
tensor([[2184.3071,  718.1445,  815.9398,  584.0054]])
tensor([0.])
tensor([[2184.2710,  718.4197,  816.0044,  584.1037]])
tensor([0.])
tensor([[2184.4160,  718.0280,  815.5670,  583.6934]])
tensor([0.])
tensor([[2184.3633,  718.0104,  815.5582,  583.5978]])
tensor([0.])
tensor([[2184.1606,  720.5588,  815.5912,  589.2400]])
tensor([0.])
tensor([[2184.1506,  720.5847,  815.6708,  589.5828]])
tensor([0.])
tensor([[2184.2041,  720.2347,  815.4648,  588.5526]])
tensor([0.])
tensor([[2184.1621,  720.2866,  815.5514,  588.7690]])
tensor([0.])
tensor([[2184.5076,  721.2325,  814.4347,  590.2769]])
tensor([0.])
tensor([[2184.5669,  721.9845,  814.9995,  591.9031]])
tensor([0.])
tensor([[2184.6555,  722.0215,  815.1700,  592.1283]])
tensor([0.])
tensor([[2184.7361,  722.0883,  815.2104,  592.2484]])
tensor([0.])
tensor([[2184.7334,  721.9974,  815.2030,  591.7837]])
tensor([0.])
tensor([[2184.5464,  723.4883,  816.5001,  593.4727]])
tensor([0.])
tensor([[2184.4873,  723.4488,  816.3661,  593.1248]])
tensor([0.])
tensor([[2184.4727,  723.4999,  816.6090,  593.4233]])
tensor([0.])
tensor([[2184.3762,  724.0071,  816.7202,  594.1399]])
tensor([0.])
tensor([[2184.6160,  725.0889,  815.4653,  596.5673]])
tensor([0.])
tensor([[2184.6455,  725.1011,  815.9036,  596.7541]])
tensor([0.])
tensor([[2184.6292,  725.1211,  815.8960,  596.6686]])
tensor([0.])
tensor([[2184.6335,  725.1238,  815.7539,  596.5375]])
tensor([0.])
tensor([[2185.2197,  724.2363,  814.3325,  593.9177]])
tensor([0.])
tensor([[2185.4189,  724.3883,  814.4641,  594.1019]])
tensor([0.])
tensor([[2185.6167,  723.9126,  813.7147,  593.0625]])
tensor([0.])
tensor([[2185.6182,  724.0251,  813.6195,  592.9501]])
tensor([0.])
tensor([[2185.6846,  724.0029,  813.5807,  592.7587]])
tensor([0.])
tensor([[2185.7085,  724.6685,  814.7893,  593.6913]])
tensor([0.])
tensor([[2185.6506,  724.4687,  814.3096,  593.1464]])
tensor([0.])
tensor([[2185.5999,  724.5529,  814.4574,  593.3375]])
tensor([0.])
tensor([[2185.6274,  724.4258,  814.3330,  593.1429]])
tensor([0.])
tensor([[2185.6196,  724.5004,  814.4626,  593.2676]])
tensor([0.])
tensor([[2185.8403,  724.2644,  815.5784,  595.4284]])
tensor([0.])
tensor([[2185.8274,  724.3273,  815.4342,  595.5245]])
tensor([0.])
tensor([[2185.8379,  724.1949,  815.4330,  595.3024]])
tensor([0.])
tensor([[2185.8567,  724.0085,  814.7769,  594.8017]])
tensor([0.])
tensor([[2185.8225,  723.5971,  813.9271,  593.5807]])
tensor([0.])
tensor([[2185.8301,  723.6740,  813.7639,  593.5389]])
tensor([0.])
tensor([[2185.6326,  723.9536,  814.0752,  594.7925]])
tensor([0.])
tensor([[2185.6929,  723.7257,  813.6576,  594.1829]])
tensor([0.])
tensor([[2185.9958,  722.6703,  812.3273,  591.5561]])
tensor([0.])
tensor([[2186.1130,  722.5443,  812.0924,  591.1971]])
tensor([0.])
tensor([[2186.0981,  722.6481,  812.2698,  591.5178]])
tensor([0.])
tensor([[2185.9673,  722.7892,  812.3634,  591.8919]])
tensor([0.])
tensor([[2186.3972,  721.9202,  811.1256,  590.3060]])
tensor([0.])
tensor([[2186.5767,  721.6973,  811.0408,  589.6273]])
tensor([0.])
tensor([[2186.5742,  721.7051,  811.0659,  589.8267]])
tensor([0.])
tensor([[2186.5359,  721.5977,  810.7484,  589.5844]])
tensor([0.])
tensor([[2186.3943,  721.7379,  811.0450,  589.8278]])
tensor([0.])
tensor([[2186.6055,  721.6978,  810.7112,  589.1470]])
tensor([0.])
tensor([[2186.4937,  721.8134,  810.7126,  589.4200]])
tensor([0.])
tensor([[2186.5774,  721.6849,  810.6598,  589.2804]])
tensor([0.])
tensor([[2186.4663,  721.8613,  810.9857,  589.5595]])
tensor([0.])
tensor([[2186.5754,  721.2054,  811.0956,  588.4688]])
tensor([0.])
tensor([[2186.4912,  721.2914,  811.0525,  588.5490]])
tensor([0.])
tensor([[2186.5181,  720.9815,  810.8862,  587.9670]])
tensor([0.])
tensor([[2186.5278,  721.0243,  810.8518,  588.0245]])
tensor([0.])
tensor([[2186.6353,  720.9819,  810.1427,  587.2165]])
tensor([0.])
tensor([[2186.7937,  720.7632,  809.7228,  586.7314]])
tensor([0.])
tensor([[2186.9395,  720.6843,  809.6902,  586.5015]])
tensor([0.])
tensor([[2186.7693,  720.7745,  810.0732,  586.6886]])
tensor([0.])
tensor([[2187.0044,  720.7484,  809.6001,  586.3264]])
tensor([0.])
tensor([[2187.2197,  720.1238,  808.5197,  583.9457]])
tensor([0.])
tensor([[2187.2944,  720.0500,  808.2175,  584.0209]])
tensor([0.])
tensor([[2187.2971,  720.0463,  808.3340,  583.9973]])
tensor([0.])
tensor([[2188.3564,  719.9171,  807.7198,  583.4418]])
tensor([0.])
tensor([[2188.3545,  719.9526,  808.0370,  583.7829]])
tensor([0.])
tensor([[2187.8979,  720.0614,  809.1862,  583.9193]])
tensor([0.])
tensor([[2187.7622,  719.9568,  808.7427,  583.5344]])
tensor([0.])
tensor([[2187.8311,  719.8276,  808.7234,  583.1408]])
tensor([0.])
tensor([[2187.8264,  719.8978,  808.5391,  583.3290]])
tensor([0.])
tensor([[2188.2666,  719.3439,  807.7742,  582.4904]])
tensor([0.])
tensor([[2188.2764,  719.3405,  807.9159,  582.4841]])
tensor([0.])
tensor([[2188.3560,  719.2403,  807.6720,  582.3384]])
tensor([0.])
tensor([[2188.4414,  719.3432,  807.6284,  582.3267]])
tensor([0.])
tensor([[2188.4077,  719.1889,  807.0952,  582.2051]])
tensor([0.])
tensor([[2188.4124,  719.2769,  807.0948,  582.1505]])
tensor([0.])
tensor([[2188.4209,  719.2538,  807.1201,  582.0891]])
tensor([0.])
tensor([[2188.4888,  719.2548,  807.1794,  582.0974]])
tensor([0.])
tensor([[2188.5498,  719.2648,  807.1306,  582.0902]])
tensor([0.])
tensor([[2187.8796,  719.1475,  807.3551,  582.5643]])
tensor([0.])
tensor([[2188.0745,  719.0090,  807.3076,  582.0315]])
tensor([0.])
tensor([[2187.7346,  719.9385,  807.7198,  584.2698]])
tensor([0.])
tensor([[2187.7803,  719.9385,  807.4666,  584.4532]])
tensor([0.])
tensor([[2188.0740,  719.6307,  808.4806,  584.5167]])
tensor([0.])
tensor([[2187.9985,  719.6298,  808.8910,  584.9615]])
tensor([0.])
tensor([[2187.9558,  719.6768,  808.5469,  584.7634]])
tensor([0.])
tensor([[2188.1016,  719.6578,  808.5637,  584.6472]])
tensor([0.])
tensor([[2188.2900,  718.9938,  808.3959,  584.8627]])
tensor([0.])
tensor([[2188.3069,  718.7816,  808.2909,  584.4401]])
tensor([0.])
tensor([[2188.3335,  718.8752,  808.4143,  584.4373]])
tensor([0.])
tensor([[2188.2822,  718.8102,  808.4871,  584.5038]])
tensor([0.])
tensor([[2188.4199,  718.7975,  808.2407,  584.3915]])
tensor([0.])
tensor([[2188.5308,  718.7739,  808.1353,  584.0533]])
tensor([0.])
tensor([[2188.6357,  718.9011,  807.7200,  584.0398]])
tensor([0.])
tensor([[2188.6904,  718.7856,  807.4834,  582.6391]])
tensor([0.])
tensor([[2188.4702,  718.7591,  807.6749,  582.7573]])
tensor([0.])
tensor([[2187.3826,  721.2568,  808.2784,  586.7490]])
tensor([0.])
tensor([[2187.2417,  721.2199,  808.0597,  586.6388]])
tensor([0.])
tensor([[2186.9829,  721.6890,  807.7537,  586.4674]])
tensor([0.])
tensor([[2187.3638,  721.3222,  807.9672,  586.9146]])
tensor([0.])
tensor([[2187.0291,  721.6403,  808.7933,  587.8290]])
tensor([0.])
