tensor([[1871.0544,  640.0403,  749.1622,  495.3010]])
tensor([0.])
tensor([[1871.2839,  640.0614,  748.8090,  495.2027]])
tensor([0.])
tensor([[1870.4070,  653.0851,  745.4969,  526.0555]])
tensor([0.])
tensor([[1870.2655,  655.4721,  746.1111,  531.4158]])
tensor([0.])
tensor([[1870.2444,  654.4852,  746.1481,  529.2852]])
tensor([0.])
tensor([[1870.1853,  654.2136,  746.0634,  528.7004]])
tensor([0.])
tensor([[1870.7471,  673.1357,  746.8066,  574.8927]])
tensor([0.])
tensor([[1870.4495,  672.9987,  747.0453,  575.0144]])
tensor([0.])
tensor([[1870.4553,  673.0090,  746.9399,  575.1033]])
tensor([0.])
tensor([[1870.6885,  673.3379,  747.1888,  575.4235]])
tensor([0.])
tensor([[1870.8268,  672.8083,  746.8542,  574.2673]])
tensor([0.])
tensor([[1871.0270,  676.2164,  746.8469,  582.0280]])
tensor([0.])
tensor([[1871.0258,  676.2772,  746.8054,  582.1600]])
tensor([0.])
tensor([[1871.0554,  676.1990,  746.8076,  581.9093]])
tensor([0.])
tensor([[1871.1005,  676.1461,  746.7107,  581.8271]])
tensor([0.])
tensor([[1870.2998,  639.8851,  747.1632,  485.5573]])
tensor([0.])
tensor([[1870.3416,  639.9089,  747.1486,  485.4859]])
tensor([0.])
tensor([[1870.3340,  639.9679,  747.1388,  485.5435]])
tensor([0.])
tensor([[1870.3835,  639.9706,  747.2086,  485.6290]])
tensor([0.])
tensor([[1870.3940,  640.1431,  747.0879,  485.8705]])
tensor([0.])
tensor([[1869.8757,  639.3972,  747.2764,  482.8462]])
tensor([0.])
tensor([[1869.9330,  639.3396,  747.0896,  482.9884]])
tensor([0.])
tensor([[1869.9209,  639.3514,  747.2284,  483.0028]])
tensor([0.])
tensor([[1869.8641,  639.3037,  747.2761,  482.9851]])
tensor([0.])
tensor([[1869.9324,  641.7869,  746.0533,  487.8451]])
tensor([0.])
tensor([[1869.8257,  641.7053,  746.0947,  487.8259]])
tensor([0.])
tensor([[1869.8936,  641.7260,  746.0171,  487.8276]])
tensor([0.])
tensor([[1869.8894,  641.8079,  745.9540,  487.5969]])
tensor([0.])
tensor([[1869.5348,  641.4879,  745.7424,  486.0177]])
tensor([0.])
tensor([[1869.4368,  641.5243,  745.9222,  486.1895]])
tensor([0.])
tensor([[1869.1387,  641.0037,  745.9506,  484.7785]])
tensor([0.])
tensor([[1869.1051,  640.9382,  746.0076,  484.7270]])
tensor([0.])
tensor([[1869.1208,  640.9110,  745.9146,  484.5778]])
tensor([0.])
tensor([[1868.9532,  640.6361,  746.2024,  484.7860]])
tensor([0.])
tensor([[1868.9410,  640.6516,  746.2961,  485.0621]])
tensor([0.])
tensor([[1868.9065,  640.7098,  746.3510,  485.0310]])
tensor([0.])
tensor([[1868.8707,  640.7322,  746.4397,  485.0995]])
tensor([0.])
tensor([[2053.7520,  964.0593,  375.5109,  292.5356],
        [1868.6757,  639.7714,  746.9036,  484.6154]])
tensor([1., 0.])
tensor([[2054.2795,  963.7798,  376.8558,  293.4014],
        [1868.7444,  639.9932,  747.2140,  485.0071]])
tensor([1., 0.])
tensor([[2054.2483,  963.6220,  376.7042,  293.7294],
        [1868.7292,  640.0253,  747.2109,  484.9781]])
tensor([1., 0.])
tensor([[2054.2732,  963.7823,  376.6705,  293.3825],
        [1868.6619,  640.0763,  747.2900,  484.7784]])
tensor([1., 0.])
tensor([[2054.2505,  963.6127,  376.7344,  293.5942],
        [1868.6611,  640.0204,  747.3130,  484.7422]])
tensor([1., 0.])
tensor([[1868.6638,  639.8117,  747.3765,  484.2891]])
tensor([0.])
tensor([[1868.7200,  639.8362,  747.4164,  484.3669]])
tensor([0.])
tensor([[1868.7166,  639.8865,  747.4406,  484.1501]])
tensor([0.])
tensor([[1868.7128,  639.8342,  747.4221,  484.2046]])
tensor([0.])
tensor([[1868.5596,  639.8966,  745.9752,  482.6061]])
tensor([0.])
tensor([[1868.5095,  639.9438,  746.0752,  482.4410]])
tensor([0.])
tensor([[1868.4760,  639.8833,  746.0793,  482.4280]])
tensor([0.])
tensor([[1868.4812,  639.9454,  746.0801,  482.5356]])
tensor([0.])
tensor([[1868.0176,  639.4423,  745.2212,  480.5368]])
tensor([0.])
tensor([[1868.0425,  639.4838,  745.2836,  480.5288]])
tensor([0.])
tensor([[1867.9849,  639.4431,  745.3888,  480.7414]])
tensor([0.])
tensor([[1868.0566,  639.4034,  745.3409,  480.7084]])
tensor([0.])
tensor([[1868.0833,  639.5218,  745.1982,  480.5871]])
tensor([0.])
tensor([[1867.9862,  639.0352,  745.0505,  480.8759]])
tensor([0.])
tensor([[1867.8694,  638.8558,  745.2329,  481.1450]])
tensor([0.])
tensor([[1867.9014,  638.8372,  745.0963,  481.0322]])
tensor([0.])
tensor([[1867.8627,  638.9590,  745.1462,  480.8470]])
tensor([0.])
tensor([[1867.7388,  638.7562,  745.2706,  481.3808],
        [2115.8335,  969.1699,  408.1790,  318.6207]])
tensor([0., 1.])
tensor([[1867.6641,  638.7334,  745.3418,  481.5051],
        [2115.3872,  969.2645,  408.3636,  318.9777]])
tensor([0., 1.])
tensor([[1867.6270,  638.6181,  745.2743,  481.5271],
        [2115.1328,  969.1959,  409.1536,  319.0884]])
tensor([0., 1.])
tensor([[1867.6943,  638.6850,  745.0643,  481.1445],
        [2115.1758,  969.1780,  408.8990,  318.9109]])
tensor([0., 1.])
tensor([[1867.8827,  638.9962,  745.5110,  481.0843],
        [2115.7407,  969.4773,  410.8402,  319.2077]])
tensor([0., 1.])
tensor([[1867.7031,  639.0743,  746.5679,  481.7615]])
tensor([0.])
tensor([[1867.7024,  639.0212,  746.5836,  481.8082]])
tensor([0.])
tensor([[1867.4453,  638.8307,  746.3258,  481.4513]])
tensor([0.])
tensor([[1867.5297,  638.9561,  746.2654,  481.4661]])
tensor([0.])
tensor([[1867.8052,  640.3279,  746.7314,  484.3909],
        [2139.8452,  995.0524,  399.6305,  332.7491]])
tensor([0., 1.])
tensor([[1867.8459,  640.3179,  746.8910,  484.5241],
        [2139.8306,  994.9427,  399.7312,  332.5059]])
tensor([0., 1.])
tensor([[1867.9280,  640.3163,  746.8007,  484.6038],
        [2140.2136,  995.1047,  399.5537,  332.6400]])
tensor([0., 1.])
tensor([[1867.8074,  640.2679,  747.0314,  484.5747],
        [2140.5137,  995.0867,  398.8586,  332.6481]])
tensor([0., 1.])
tensor([[1868.1409,  641.0570,  747.4979,  486.4867]])
tensor([0.])
tensor([[1868.1283,  641.0219,  747.4324,  486.3772]])
tensor([0.])
tensor([[1868.1659,  641.0275,  747.4622,  486.4020]])
tensor([0.])
tensor([[1868.1484,  641.0275,  747.4359,  486.3942]])
tensor([0.])
tensor([[1868.1243,  641.0330,  747.5009,  486.4124]])
tensor([0.])
tensor([[1868.0547,  641.5665,  747.9681,  486.7536]])
tensor([0.])
tensor([[1868.0591,  641.6230,  747.9081,  486.7533]])
tensor([0.])
tensor([[1868.0654,  641.6721,  747.9755,  486.9060]])
tensor([0.])
tensor([[1868.0054,  641.6011,  747.9777,  487.0080]])
tensor([0.])
tensor([[1868.1594,  642.0280,  748.0736,  487.7287]])
tensor([0.])
tensor([[1868.2788,  642.1611,  747.9740,  487.7096]])
tensor([0.])
tensor([[1868.2574,  642.1548,  748.0212,  487.7555]])
tensor([0.])
tensor([[1868.2070,  642.0811,  748.0679,  487.9054]])
tensor([0.])
tensor([[1868.6296,  641.7349,  747.5181,  485.5993]])
tensor([0.])
tensor([[1868.6719,  641.7950,  747.6724,  486.1883]])
tensor([0.])
tensor([[1868.6877,  641.7303,  747.6396,  486.5337]])
tensor([0.])
tensor([[1868.7245,  641.9299,  748.0959,  487.3609]])
tensor([0.])
tensor([[1868.6670,  642.0006,  747.5682,  486.7837]])
tensor([0.])
tensor([[1868.6394,  641.8705,  747.7990,  486.1196]])
tensor([0.])
tensor([[1868.6748,  641.9131,  747.7731,  486.3026]])
tensor([0.])
tensor([[1868.6785,  641.7523,  747.9694,  486.7989]])
tensor([0.])
tensor([[1868.7803,  641.8449,  747.7661,  486.6209]])
tensor([0.])
tensor([[1869.0692,  642.0184,  748.0979,  487.0092],
        [2280.4924, 1063.2220,  545.6381,  440.1631]])
tensor([0., 1.])
tensor([[1868.9204,  641.9022,  747.8477,  486.7296],
        [2280.5032, 1063.2969,  545.3375,  439.4108]])
tensor([0., 1.])
tensor([[1868.9802,  642.0112,  748.1857,  487.5412],
        [2280.4736, 1063.7054,  544.9888,  438.7466]])
tensor([0., 1.])
tensor([[1869.0112,  642.0967,  748.1068,  487.2035],
        [2280.5544, 1063.3210,  545.1964,  439.4017]])
tensor([0., 1.])
tensor([[1869.0342,  642.0627,  748.0703,  487.0773],
        [2280.4614, 1063.4838,  544.8346,  439.6122]])
tensor([0., 1.])
tensor([[1868.9882,  641.7391,  747.8811,  486.6575]])
tensor([0.])
tensor([[1868.9500,  641.7988,  747.9686,  486.8736]])
tensor([0.])
tensor([[1868.9626,  641.7281,  747.8965,  486.7126]])
tensor([0.])
tensor([[1868.9703,  641.7623,  747.9426,  486.7220]])
tensor([0.])
tensor([[1869.0098,  641.6823,  748.1654,  487.3591],
        [2276.4529, 1128.0018,  541.3658,  431.7532]])
tensor([0., 1.])
tensor([[1869.0237,  641.7286,  748.1132,  486.9886],
        [2276.6924, 1127.7476,  541.8035,  432.7355]])
tensor([0., 1.])
tensor([[1869.0127,  641.7130,  748.0811,  486.9657],
        [2276.9028, 1127.4260,  542.2083,  432.7701]])
tensor([0., 1.])
tensor([[1869.0134,  641.7972,  748.0370,  486.8438],
        [2276.8191, 1127.2888,  542.1100,  432.9258]])
tensor([0., 1.])
tensor([[1868.9819,  641.5746,  747.9111,  486.1335],
        [2277.6360, 1112.4128,  547.4702,  476.1293]])
tensor([0., 1.])
tensor([[1868.9512,  641.6281,  748.0430,  486.1540],
        [2277.6877, 1113.0746,  547.4252,  475.2434]])
tensor([0., 1.])
tensor([[1868.9241,  641.5801,  748.0250,  486.1707],
        [2277.6553, 1112.9301,  547.3081,  475.3926]])
tensor([0., 1.])
tensor([[1868.9230,  641.5938,  748.0642,  486.1732],
        [2277.6426, 1112.4984,  547.3314,  476.2419]])
tensor([0., 1.])
tensor([[1868.9493,  641.5884,  747.9729,  486.0348],
        [2277.6709, 1111.8733,  547.5879,  477.4669]])
tensor([0., 1.])
tensor([[1869.1282,  641.5944,  748.3439,  487.3544]])
tensor([0.])
tensor([[1869.0830,  641.5332,  748.3309,  487.3815]])
tensor([0.])
tensor([[1869.1783,  641.6479,  748.3572,  487.4030]])
tensor([0.])
tensor([[1869.1699,  641.6171,  748.4136,  487.5350]])
tensor([0.])
tensor([[1869.2427,  641.8331,  748.4366,  487.0940],
        [2290.9761, 1158.9969,  463.7717,  412.8669]])
tensor([0., 1.])
tensor([[1869.2378,  641.8068,  748.4370,  487.2225],
        [2290.9287, 1158.6724,  463.9153,  415.2590]])
tensor([0., 1.])
tensor([[1869.2334,  641.7770,  748.4062,  487.1502],
        [2290.8118, 1159.3182,  463.9712,  414.3056]])
tensor([0., 1.])
tensor([[1869.2290,  641.7546,  748.4092,  487.2167],
        [2290.7866, 1160.0433,  463.9949,  412.8069]])
tensor([0., 1.])
tensor([[1869.1862,  641.6787,  748.4319,  487.0778]])
tensor([0.])
tensor([[1869.1643,  641.6783,  748.4852,  487.1389]])
tensor([0.])
tensor([[1869.2075,  641.6713,  748.3530,  487.0730]])
tensor([0.])
tensor([[1869.1595,  641.9816,  748.4788,  487.0637]])
tensor([0.])
tensor([[1869.2368,  642.1102,  748.6185,  487.2715]])
tensor([0.])
tensor([[1870.0597,  643.1228,  748.8899,  488.1705]])
tensor([0.])
tensor([[1870.0093,  643.1211,  749.1071,  488.7629]])
tensor([0.])
tensor([[1869.9873,  643.0369,  748.8854,  488.8918]])
tensor([0.])
tensor([[1869.8792,  643.0896,  749.2246,  489.3235]])
tensor([0.])
tensor([[1869.1611,  642.1177,  748.7794,  487.6276]])
tensor([0.])
tensor([[1869.3052,  642.2875,  748.5571,  487.6219]])
tensor([0.])
tensor([[1869.3207,  642.1280,  748.4167,  487.4449]])
tensor([0.])
tensor([[1869.2786,  642.1239,  748.5054,  487.5456]])
tensor([0.])
tensor([[1869.2493,  642.1213,  748.5038,  487.2850]])
tensor([0.])
tensor([[1869.2915,  641.9940,  748.7183,  487.8272],
        [2268.9954, 1305.8810,  401.4800,  309.7590]])
tensor([0., 1.])
tensor([[1869.3414,  641.8859,  748.6296,  487.9560],
        [2268.9836, 1305.9664,  401.8945,  309.1714]])
tensor([0., 1.])
tensor([[1869.3574,  641.8995,  748.6055,  487.9622],
        [2269.0242, 1306.0997,  401.8994,  308.8411]])
tensor([0., 1.])
tensor([[1869.3695,  642.0256,  748.6575,  487.8502],
        [2268.8862, 1305.8384,  402.3303,  309.4000]])
tensor([0., 1.])
tensor([[1870.1071,  643.9520,  750.0344,  493.4885],
        [2284.8530, 1331.9641,  399.2520,  328.5890]])
tensor([0., 1.])
tensor([[1870.4868,  644.4069,  749.4301,  493.7591],
        [2284.7275, 1331.8843,  398.8455,  328.8092]])
tensor([0., 1.])
tensor([[1870.5806,  644.6670,  749.2550,  493.2554],
        [2284.7495, 1331.9912,  398.6782,  328.4513]])
tensor([0., 1.])
tensor([[1870.5333,  644.6989,  749.3591,  493.4885],
        [2284.7632, 1332.0044,  398.5298,  328.4044]])
tensor([0., 1.])
tensor([[1870.5308,  644.6649,  749.3693,  493.6001],
        [2284.7256, 1332.0228,  398.5928,  328.4421]])
tensor([0., 1.])
tensor([[1870.4834,  644.5259,  749.6522,  493.5393]])
tensor([0.])
tensor([[1870.4202,  644.4681,  749.6542,  493.5551]])
tensor([0.])
tensor([[1870.3633,  644.4810,  749.7767,  493.5544]])
tensor([0.])
tensor([[1870.4326,  644.4897,  749.6857,  493.5751]])
tensor([0.])
tensor([[1870.4468,  644.5240,  749.8268,  492.8915]])
tensor([0.])
tensor([[1870.4370,  644.4916,  749.9523,  493.0250]])
tensor([0.])
tensor([[1870.2600,  644.3463,  750.0966,  492.8636]])
tensor([0.])
tensor([[1870.2988,  644.3982,  750.0985,  493.0823]])
tensor([0.])
tensor([[1876.2566,  647.0632,  760.2616,  505.6895]])
tensor([0.])
tensor([[1870.4080,  644.2695,  750.8859,  491.4941]])
tensor([0.])
tensor([[1870.2961,  644.2870,  751.0594,  491.8601]])
tensor([0.])
tensor([[1870.2512,  644.2939,  750.9164,  491.7182]])
tensor([0.])
tensor([[1870.3555,  644.3178,  750.8818,  491.6770]])
tensor([0.])
tensor([[1877.8901,  648.4396,  763.9562,  508.4861]])
tensor([0.])
tensor([[1877.8455,  648.7640,  763.6508,  508.1828]])
tensor([0.])
tensor([[1878.0325,  649.0869,  763.9623,  508.2859]])
tensor([0.])
tensor([[1877.4595,  648.3663,  763.8922,  509.1577]])
tensor([0.])
tensor([[1876.7396,  648.3481,  761.8904,  508.9547]])
tensor([0.])
tensor([[1870.5923,  645.8055,  751.7505,  495.6211]])
tensor([0.])
tensor([[1876.9238,  648.4326,  762.2833,  508.7111]])
tensor([0.])
tensor([[1876.7222,  648.3438,  761.8564,  508.4361]])
tensor([0.])
tensor([[1870.5560,  645.2889,  751.5212,  494.6917]])
tensor([0.])
tensor([[1870.7068,  645.3661,  751.5259,  494.9808]])
tensor([0.])
tensor([[1870.5928,  645.2785,  751.5654,  495.0386]])
tensor([0.])
tensor([[1870.5930,  645.2234,  751.5234,  494.9363]])
tensor([0.])
tensor([[1876.3223,  647.6606,  761.0488,  508.1311]])
tensor([0.])
tensor([[1876.4927,  648.7665,  761.7847,  509.3155]])
tensor([0.])
